20 25

8 0
7 3
6 5
10 18
4 0
8 9
8 7
13 12
5 6
18 3
19 4
9 6
11 3
6 10
9 4
25 3
11 5
9 10
4 9
23 6

0 3 0 0 0 0 0 0 0 0 0 0 0 0 0 0 0 0 0 0
3 0 15 0 0 0 0 1 0 0 0 0 0 0 0 0 0 0 8 0 
0 15 0 0 2 0 0 0 0 0 0 0 0 0 4 0 0 0 0 0
0 0 0 0 0 0 0 4 0 0 0 0 0 16 0 0 3 0 0 0 
0 0 2 0 0 0 0 0 0 0 0 2 0 0 0 0 0 0 0 0
0 0 0 0 0 0 5 0 0 0 0 0 0 3 4 0 0 0 0 0 
0 0 0 0 0 5 0 0 1 0 0 0 0 0 0 0 0 0 0 0
0 1 0 4 0 0 0 0 0 0 0 0 0 0 0 0 0 0 0 0
0 0 0 0 0 0 1 0 0 0 0 0 0 0 6 0 0 0 1 0
0 0 0 0 0 0 0 0 0 0 4 0 2 0 0 0 0 0 0 0 
0 0 0 0 0 0 0 0 0 4 0 0 0 0 0 0 0 0 0 6
0 0 0 0 2 0 0 0 0 0 0 0 0 0 3 0 7 0 0 0 
0 0 0 0 0 0 0 0 0 2 0 0 0 0 0 0 3 0 0 0
0 0 0 16 0 3 0 0 0 0 0 0 0 0 0 0 0 0 0 0
0 0 4 0 0 4 0 0 6 0 0 3 0 0 0 0 0 0 0 0
0 0 0 0 0 0 0 0 0 0 0 0 0 0 0 0 9 0 0 10
0 0 0 0 0 0 0 0 0 0 0 7 3 0 0 9 0 0 0 0
0 0 0 3 0 0 0 0 0 0 0 0 0 0 0 0 0 0 2 0
0 8 0 0 0 0 0 0 1 0 0 0 0 0 0 0 0 2 0 0
0 0 0 0 0 0 0 0 0 0 6 0 0 0 0 10 0 0 0 0