100
5305
26981
15224
16875
12733
11575
7334
8369
30136
2717
10672
9765
2790
22707
7115
11001
6722
17242
15084
13463
15259
19184
28291
4872
11242
29022
18022
5653
15843
14424
4107
7596
14538
21728
19451
2437
6536
15372
6019
19460
27134
27914
24237
9314
8857
7265
27247
17416
18983
9337
7969
25403
18409
24414
32564
2302
7145
19905
17954
2612
29069
12096
12193
1030
16493
28647
16156
21892
28514
3830
7011
23695
11743
25316
21154
31222
30597
24229
6800
8415
30193
15401
24808
30057
13529
12325
16413
16015
23639
2837
11338
12112
25988
27522
27751
19212
32073
25984
13251
26930
