1000
8861
1051
5115
7423
5881
27944
21690
31831
21626
24911
13442
24964
27546
19257
24363
17814
15228
28294
9890
7253
27672
2405
28206
8825
21401
13410
23287
23577
19203
29824
28104
22374
13849
13192
27156
1945
17022
4768
11831
19498
8730
19231
24831
30787
17599
4512
6251
28276
21773
12118
23986
9384
31891
17823
12935
9304
13110
28635
31644
23294
7639
14206
29797
20173
16432
3684
4126
2975
1535
17253
27663
23599
26471
9514
14095
9096
11411
18238
12871
27325
5276
7528
12088
30427
25517
24889
12032
31516
7269
30177
1752
15197
26748
15943
11746
13010
29866
6488
6178
4857
17348
30878
17097
11980
15657
17685
21946
9787
31324
1595
32327
26073
6130
32615
26427
20182
3503
14171
29214
6957
20972
7708
5556
21022
19515
17666
1479
24799
23374
23819
2086
11151
29205
28532
6894
10859
4135
1163
20488
26436
6499
11455
499
28465
20695
8185
17860
3201
31457
26415
15979
23795
27283
17462
13623
6186
32348
19415
7069
6747
20453
26150
23093
1865
6970
10511
4357
6515
8490
16690
11522
29067
2288
23793
30420
31275
1299
19910
32474
13252
16266
21466
2670
31959
20772
18388
26218
10855
18471
5871
17130
1198
567
17744
31828
31759
23930
27286
30102
10828
1274
23730
26543
29689
23627
31993
19057
24112
20077
23415
14981
27783
1011
9351
175
6975
17509
3233
7763
18878
1764
11890
825
10559
30220
3890
20621
969
27423
15666
19754
28509
9311
15540
28440
16756
15035
14080
7762
22185
6830
8116
5325
690
1125
17500
32695
15508
22304
31298
17916
23319
11226
24200
6159
30072
812
23667
11495
15455
2671
28170
20552
24336
15393
19168
9795
20709
24457
31022
18432
764
11166
29988
7611
26157
4390
25217
6669
18751
28699
31842
14957
26459
15442
14167
28918
15040
21855
18876
23403
26553
5555
3655
27512
21452
23815
29917
25658
15669
6654
30122
20738
26259
5893
14960
22870
10976
3710
29215
5689
3494
18975
679
19629
7024
20884
3338
12661
11903
27756
30645
6687
27583
31538
29456
16194
3066
27610
11348
29701
17738
19808
8861
30432
26836
18091
21056
16295
2227
29879
10846
28356
14899
29683
185
16835
18496
6376
30663
12565
27166
7196
2821
6925
21082
15670
13710
8239
10752
8546
26348
5290
19470
28919
14894
11043
21801
30808
9018
15540
23439
20504
1637
21045
25421
20577
28225
21178
25266
21398
21430
31580
27395
3127
11349
1085
18800
29189
13032
5830
13383
2663
7758
31027
22632
4109
14982
4946
23289
15827
6153
12423
9050
16616
17757
8980
347
5679
18151
11415
941
22245
16641
20436
4759
14469
2124
28597
8938
17384
3143
24463
5431
1969
20513
18599
5439
18920
26060
2293
3499
31973
8019
28456
1022
31600
27245
30698
28871
20518
2642
28772
26651
3103
9165
8709
9794
28877
20371
27519
21681
28967
9939
27411
6968
19975
32270
7695
20861
20945
16937
6549
25769
28502
11201
16541
17761
18424
15550
6973
29176
23822
15403
13097
28899
28810
9285
6518
20333
22745
14033
31139
30892
19466
11187
24025
30899
26163
11709
2162
9
28432
6597
1721
15194
8942
13306
24816
21357
711
18296
2968
10582
28591
25625
32236
8941
5486
11918
4527
7038
26735
30383
4135
19650
15065
2064
4202
17422
11515
26837
2776
14283
31981
31431
17897
20774
31092
12967
41
15880
7207
22978
31616
8009
3792
3525
19895
10017
8213
29395
6712
31711
27480
19413
6421
13021
14299
27921
3916
30643
21288
15615
7242
13227
27312
14167
173
18805
10418
9839
16974
14620
6238
1732
20863
16441
5435
18646
5009
19047
18886
25914
30362
17910
348
30442
29300
12516
20825
20447
6921
29192
23938
15330
10190
21137
15264
26015
5262
11183
14958
4603
16233
7312
4021
9639
10268
23694
12726
10485
13443
32167
24520
15851
7772
13101
7746
15511
28237
28862
10651
27041
10281
30071
9424
31527
3183
5989
1798
24516
4883
25404
3185
31730
897
25676
11892
20883
19936
10416
26378
17866
2451
21961
17252
30991
15622
24811
2516
25987
21159
16469
30441
14208
24370
10343
21980
5237
7474
10511
30762
17393
16837
16261
20611
28413
3743
12344
13539
27055
17745
15624
3071
15100
24523
2997
27106
22222
12832
20631
24536
15958
22922
4496
907
31396
7342
5440
29036
9589
8481
21111
20052
29772
6698
29680
3179
31172
21706
17468
30538
4388
17657
5628
19292
10292
30771
31827
23690
23375
4403
26523
4119
6074
12543
31319
11720
14388
28964
10857
19529
20430
21315
646
23756
5885
18892
6118
6643
12014
15882
2112
24048
12057
14176
5109
9195
12569
2002
10380
14499
20155
8646
28510
24153
18005
31500
13458
26602
14681
8477
14924
3899
14633
25248
19490
2777
5677
12851
9936
9953
9508
9831
2092
25886
28343
15116
31580
26738
32084
14256
13638
12151
15673
24418
5448
25189
8911
19900
7721
14391
2874
9504
31568
14089
2862
29249
26164
21445
8196
26853
20
13566
30477
24042
29672
7452
16166
8839
29847
16314
14476
9429
27498
1612
30450
31118
27329
2053
2513
13076
14597
14584
32512
10677
2013
5245
29572
6445
11173
18134
9897
14188
26396
6674
17234
10394
8028
10802
21389
29785
3088
9355
4714
24650
14305
5739
4110
21458
25905
3839
23555
10526
11020
6260
10706
3940
24155
19549
9172
25196
7003
1877
24645
6992
846
32741
11418
16000
625
17576
8980
27400
12845
26028
16022
28438
11153
19740
24756
1462
24064
2844
32268
8673
15911
6389
25817
27318
24882
22386
20933
19719
22592
19594
18175
17943
24596
25662
22926
19362
14605
14533
26853
29982
15192
9703
29879
19009
31588
11175
1292
23235
4758
25636
22677
869
24639
4289
19772
1074
22219
644
14080
19461
10555
25020
6400
7499
27861
6375
29909
28682
793
26322
9253
13603
24568
23554
28789
24276
65
18259
23871
21120
9308
21983
22597
10163
9018
27169
17444
22625
27020
28251
4396
18030
31027
9780
22639
14963
31992
17318
11544
16320
17534
17175
6143
413
15476
21190
29050
3542
14095
18793
3445
8310
6328
28693
28101
23762
15618
9053
28345
6089
10206
4030
8690
5963
22290
3387
19317
27416
18407
24132
13567
17098
1314
21980
19353
25878
20790
10491
15211
11343
16568
28465
32213
11307
22803
5773
3516
25802
1917
20157
13858
9972
1066
