10000
8985
16275
28593
4325
4618
13320
8891
18898
26475
20660
7822
26638
16855
25425
15698
21301
18504
7557
13921
16455
2710
857
8945
13235
19258
7660
13812
27061
5720
18025
11068
6370
18941
7478
12771
17154
29605
366
21994
2077
9984
7314
11552
12249
12789
22139
19269
23811
20968
17811
16752
8043
20024
28485
11438
22517
7180
27826
6124
8941
28496
18342
13591
15515
23802
9162
12673
5143
29330
2075
10631
95
26353
23706
32625
19367
18505
28741
6553
2288
19301
6983
19408
26588
8242
20844
28669
31425
28543
14551
29191
8956
26113
6391
21237
6024
28826
13751
26452
14799
3546
27381
21721
11455
22727
7222
4936
25121
12505
19608
29844
4646
9033
29448
30792
20803
31116
24244
28197
14399
4378
16323
11277
21131
24691
10308
23328
18129
19812
6501
8228
28111
14470
28902
9002
19302
25097
19149
14958
7662
2991
11098
15488
30669
31771
1341
15777
5960
18252
28679
15472
28825
101
8927
454
7745
14511
1910
14302
11167
28640
31037
31929
28098
22942
1237
29632
24188
7231
15302
6828
11703
27859
28789
26019
32012
11364
28240
26275
31122
27260
588
1060
18420
28904
26513
761
30407
15548
27763
26488
27418
2199
25509
29146
31566
19496
13737
14821
11304
21745
9867
11720
17444
23627
9167
30790
10508
16043
11944
4630
15306
14371
13931
650
9851
18988
30530
4976
20676
11938
12581
31798
28265
31760
19206
18513
23579
24366
13900
31966
16018
3496
9859
16778
6108
22049
29010
4272
18165
29048
10925
12994
9623
31050
20811
2282
14419
10168
8027
27377
9441
17514
21363
7263
25269
25299
1481
7396
22994
21943
23973
22518
25571
31723
15126
30652
25480
19037
10469
24363
26094
14164
10951
3951
674
27384
15318
31884
28071
22804
4418
5445
28614
10267
30020
573
14629
2409
20052
24668
16923
26316
9884
31348
11843
2371
18348
17956
26063
7429
15983
10237
22815
14021
23390
17124
8851
15925
755
22199
31389
25033
25185
29236
12826
30653
23682
31766
9954
28761
17169
22400
26269
15732
12313
10143
29657
21303
5037
30348
24922
9763
18906
17263
14257
19029
19674
15338
22801
6153
22410
9397
22365
31070
3103
13701
28805
17753
29460
27699
9491
19499
26214
6938
7425
30903
15620
14017
20174
11087
19073
9914
7377
12734
1805
7625
23756
140
29603
15689
32196
4477
3716
1996
16400
2907
27619
26370
13233
5877
18146
18652
28897
1384
7869
6128
16110
11165
13381
4896
7497
5907
31633
18550
25306
32735
22000
14163
26519
7153
10273
24009
27733
14232
8391
13637
13534
14153
17175
25201
2115
26268
2516
7256
2932
14487
13949
3788
10765
23855
8389
15364
371
20492
6723
8586
544
17549
14955
9301
15163
4876
9917
2097
1132
2915
11068
30312
31214
20654
14114
22427
32486
8787
4562
1265
14835
13888
23566
5236
16390
2164
12650
17591
24948
17345
32256
19388
19785
10192
23654
3350
32480
4197
4061
31563
10672
484
28363
10364
5993
24341
20844
19016
11328
11300
22724
13549
1414
748
8664
4528
26240
7284
14621
21632
26483
5050
25137
13526
6910
17840
1993
11743
7596
29317
26603
18909
17354
1061
20573
15563
22902
7683
32605
4671
10489
23062
31890
29333
15191
22305
32323
17226
1828
31800
11975
9894
408
5504
26172
7838
17894
11830
11388
22264
18122
19443
5965
23216
15969
28462
22744
14491
20542
32002
4701
23370
4538
30257
16164
6193
27787
8042
19383
14856
3993
32455
11598
2674
25101
21146
3467
7901
11434
25961
24167
27817
28000
25399
27245
26764
2334
5125
13606
13621
20457
8089
16340
9519
1835
15998
1634
5129
28237
31820
18588
23220
29063
28458
29596
25388
32503
2192
16260
8026
12785
25426
21875
26426
18583
13018
4529
569
6057
14260
13869
24545
28830
23889
8490
17335
11763
25860
23605
26724
22979
16977
5978
24084
8856
3175
25751
10268
4737
10475
18321
24031
15460
5111
28038
21234
21398
26979
8579
2686
25001
4931
20695
31206
3717
16816
13255
24234
11962
4044
28291
11148
3093
31232
15961
20721
7282
2440
1833
25737
6864
22834
21785
27698
13995
22370
9865
20506
19846
26970
4682
14372
25287
21432
7690
22670
18887
3136
22803
29136
13866
22748
3894
1991
9836
24545
10241
5138
23741
3476
1593
14269
23055
29421
31620
12316
3949
411
9317
4858
14734
18759
16493
5620
6826
6685
23216
25887
1676
12425
22135
19697
29929
20030
13364
15198
3568
25725
8891
23617
25890
13204
12462
21758
22116
933
12857
25445
14674
23208
12032
25562
24279
21427
27734
691
3322
31609
26544
7394
27899
22034
21849
5076
8095
29178
30567
6297
27592
11355
24813
12868
15176
2703
31090
917
23031
19680
21666
5077
11012
7827
12868
7938
18568
1830
14956
12588
16737
213
18930
4383
26941
22627
25378
15938
28405
14870
5813
1471
11549
4100
30977
29412
26841
5517
30572
7882
29425
17449
8742
9012
24360
32100
15896
13497
17866
5670
13079
10278
17285
10040
10846
26398
11129
18180
28987
6147
8082
4252
29704
32026
790
7166
25949
20201
31610
19351
25988
5604
29562
4869
15917
18249
21609
6945
1635
10569
27077
26429
17087
17000
8974
24490
21980
22566
10200
25982
21770
16607
29216
21395
5447
3312
25308
4307
1131
19227
1237
6067
8866
27693
29113
5886
12319
2525
3436
4052
25359
5368
2976
5362
14796
11963
29605
3892
15700
12672
5762
11095
18425
11422
11076
21764
9306
22410
1430
25354
6289
16450
6802
22764
12718
14571
18391
24987
25445
18616
4316
26500
20483
9231
18052
28109
19622
28647
19698
3804
30126
21621
29598
17434
26479
8967
5032
23286
28456
4912
26733
15148
18489
23333
22105
25159
14736
10087
5116
14436
10085
13730
26975
8762
27943
5845
31128
29783
5046
23732
19100
11180
14290
13899
32597
3916
13524
16355
30708
8049
26523
2601
19593
30144
7626
7309
21968
31438
1329
30441
14414
5346
12168
22115
9629
13309
32355
16788
18437
24343
2914
8170
3148
9900
24744
24650
15822
8311
5519
29434
10448
20606
9114
6847
14097
9038
1964
22850
15010
23944
887
31416
23288
9372
4918
1218
22592
1237
27551
3218
6386
6294
5139
14416
13737
13539
28953
28604
30514
16162
21258
20
31458
4131
23822
14136
28973
2143
22598
14860
10869
14717
18251
6686
26144
18715
19928
28297
6125
28874
16579
29721
6024
16218
29234
30895
28252
32601
3595
5607
14248
26326
6828
32505
18133
29802
29149
26077
2055
7546
17922
15283
20210
12726
1942
20577
2031
6117
16084
5502
32590
18405
11703
2159
13038
9709
20005
1999
25100
8982
103
6165
20313
18202
32221
23408
26959
1883
25584
16630
19652
3879
27463
12030
21952
23866
7998
11466
12940
23172
10644
20330
11531
20013
1635
28124
7757
21207
13398
24696
16482
12579
13590
20364
21100
17270
29189
21827
17144
18173
22831
30411
21647
15854
18046
14518
28807
18193
3373
21153
7199
3712
13694
17940
17356
15275
17072
23722
20685
158
5419
20850
15621
11911
15615
10644
6410
29554
20620
56
14458
9560
7042
18851
30862
15960
14861
20899
21745
28228
29769
31022
16082
25951
28156
30534
27192
15461
32388
8479
1429
7628
17678
32132
3999
5194
19721
10103
16219
8855
22235
17432
12922
2164
6354
4040
21993
22764
3165
18061
15524
17882
7036
27576
22731
17579
17013
13510
19191
28773
31177
7045
15310
19688
31846
23416
29653
20341
15902
24187
9606
20588
9816
23722
7587
19034
25349
13184
19913
2610
26582
14396
25928
13531
28076
2441
27698
17899
1617
9309
5298
27571
6245
16418
13983
25723
22427
13844
10577
16654
3365
30698
28596
12410
17516
22968
27290
14609
12293
13076
1366
691
23264
7032
4230
5712
31171
17895
16176
13992
28919
16339
31249
13909
25154
5951
32049
28428
22293
11297
29627
15904
23301
12554
1548
10823
6783
7944
3594
5793
22968
8396
26039
9974
22500
14600
1030
14656
29352
10267
23533
6249
7633
21744
12731
19541
838
15651
23212
11043
24379
12390
6842
4016
27816
23332
5303
22877
30202
25700
153
6419
24072
8943
7189
3972
13640
11701
2415
24755
12099
19309
4240
8374
3142
1404
30297
7610
19291
25112
24119
2889
14455
2477
27127
29384
10997
23423
3036
3396
2115
13714
16111
27246
24284
29639
6551
2275
11638
27207
28265
17329
10876
24356
28481
14615
8126
18238
1682
3725
11880
19044
23290
13828
3888
21180
12570
6255
8916
11109
8100
18818
26308
29274
18869
10426
8731
24986
4966
5021
24276
13190
1182
3395
827
9866
20010
32533
8097
25599
9487
30421
17492
20048
26654
1503
29647
31324
17354
9646
1325
22556
18487
17825
2788
20102
9619
26111
4527
20145
681
25658
19404
8761
8627
23664
31848
30949
18288
17463
14168
31111
6263
8858
18697
23076
24779
2399
23226
17237
31151
13196
9960
749
16828
27945
21002
20956
23344
10310
15231
12628
9353
25408
23237
9002
8019
17473
31979
16766
14654
3590
30281
31134
11123
20965
7278
28200
25640
782
7258
17519
11890
20241
238
24864
3163
24480
32160
22566
30517
27030
20851
5066
31278
11577
22055
30495
23332
19388
4012
32669
17850
5641
20445
10764
11435
14525
17003
7844
21854
26995
29975
26738
16827
31045
12325
15357
27710
28816
13069
4394
2633
6136
10611
5213
18623
4780
27737
13025
14030
28139
25492
18058
21260
18888
7036
9368
28358
32554
25320
5087
23444
26390
1370
28197
5937
10033
30070
28876
27018
10112
31673
177
10517
5491
15719
25939
6500
6178
12229
16184
6138
6614
19337
15756
2909
19147
5263
22284
18541
16692
18893
2594
25075
23168
20873
26705
5757
16860
13769
28884
20586
16377
17676
32386
27713
14351
11063
19701
14663
30242
5842
22763
26704
12932
15988
8172
23765
28315
23164
814
5191
3812
26370
20917
6051
22072
16910
15806
11079
9806
31239
16734
12548
10626
24686
13927
28788
18900
13516
9611
14733
6452
31720
4292
5495
3837
22334
15603
31131
16063
28845
16071
12541
27713
20080
20192
28619
8390
9039
10548
17718
9616
28438
31666
24448
1955
839
10278
22102
2251
16396
23901
28513
8672
7535
19337
4376
31305
21709
30694
22488
30911
16008
29598
310
20819
14333
31211
8596
13491
9654
14715
22514
1193
26080
19736
29703
12772
18175
10120
17040
9979
22240
30386
29673
25775
7631
16899
20698
13169
6667
18448
12723
3620
3959
24445
27547
10787
32658
24349
10277
16518
23977
20826
23332
31905
21324
30424
19137
13262
10494
23637
24010
19053
10032
2004
9293
27176
881
250
20070
28028
11743
14520
1365
9332
4833
5162
23251
22200
9496
7871
17063
9927
17298
10139
19060
14977
20545
20025
981
19688
2732
16981
21675
3367
741
15113
8630
28372
14523
26934
1891
20338
15152
26917
5349
5434
23598
30574
15751
11035
19573
27929
29761
32255
13272
18180
9609
24400
6569
15492
875
28858
12658
10575
22492
32051
24549
20122
20812
25401
3094
12158
32122
29787
4328
3232
26252
28155
25285
17169
1631
28498
15763
4723
1052
4277
28387
3678
28684
22
4203
16130
29101
18125
18102
13581
7173
7321
22554
5327
23606
27617
12267
23707
13907
27456
8686
27249
17522
28737
528
1243
11266
24423
25688
27413
32095
23921
6427
12400
12708
9691
14703
26360
15041
10920
22497
23893
22989
24927
10603
29679
12189
24916
15008
19798
15253
14120
1322
24032
15550
4499
31094
7828
10521
11105
20654
26438
12083
5819
15080
13316
30202
19880
15773
22961
3791
11220
22108
28144
19932
13711
13759
26180
31912
20504
9887
12917
6888
20252
30084
22069
8601
31610
27743
17923
31819
30537
13948
2896
11456
8988
16562
29664
19637
26756
27101
20596
25088
3543
6030
1702
14555
30512
768
31252
14464
30903
21070
4288
26102
7715
20964
22199
2346
2941
25139
1265
10305
23334
28074
28537
19757
7451
31457
7885
18814
23416
12055
6280
27771
18491
21726
6974
24434
30795
15125
20904
7244
20409
23
16641
12900
837
7474
30383
19866
21284
18011
14630
13219
25344
29215
16394
11171
21313
7645
14227
1021
32651
8755
4918
10857
1671
11190
29570
2632
32487
11238
9032
9525
32164
22113
28670
6621
20874
32342
24933
3344
6135
26685
5226
10520
3808
25541
15690
10057
18452
16910
5370
6105
8645
31769
13766
23538
10308
7549
11064
1542
17676
18267
14651
5219
24322
24467
7808
14855
20475
16440
22049
10677
21375
31554
7301
5960
21197
1667
15235
25416
12830
25565
25034
9403
814
6577
2432
1341
16633
3994
12841
9043
30914
9052
29131
28413
1114
2583
8527
13450
14751
20929
10283
18864
13123
5842
11070
4316
5839
16961
8955
18119
31719
25520
7370
20042
22735
31716
11179
28275
6190
19319
19485
14040
15378
31185
16190
32299
12853
10324
8499
12047
15743
17879
16074
22314
6347
13910
28254
11388
14062
8935
28668
31983
17397
1520
6339
15407
19375
18328
19857
9147
10604
32379
4316
6461
9475
10402
10205
20247
24858
28850
6900
21310
32417
21347
5448
75
6560
14644
26542
1231
819
22622
13004
29927
23762
29446
31870
6673
30934
17846
13432
30014
9273
14862
27693
10025
15774
12727
17904
13030
15761
32153
24409
20158
5135
21838
15083
14138
32585
25302
27891
14462
16293
13964
4019
25048
19718
14168
17088
6041
29005
25383
14761
30500
27680
29592
7641
16708
1002
15096
18367
16067
10274
19825
4908
21304
2257
19070
21244
12832
18254
23202
10232
27184
9292
13658
16123
15082
20247
17232
14932
26735
14875
12497
19052
404
6310
1153
14761
19511
27119
3662
28561
19412
13654
17058
12083
5715
23533
21981
5314
27428
9016
11266
5764
16526
23857
28848
3306
15172
20879
27477
1537
17466
19528
25502
26633
12470
30037
10802
10082
12458
21941
6559
5040
30529
11700
9108
55
20920
109
15954
19335
8303
30862
18013
2654
26176
2651
10359
22986
25103
30454
26574
7310
26274
5341
21621
10183
25779
436
1553
8911
23364
8517
28373
7778
8755
3525
6832
9983
17166
23896
28356
22161
21544
24792
32027
10575
2541
16338
16533
6625
29298
5586
21797
18628
3921
29921
61
13039
16819
29003
7559
15287
15534
6822
17366
3568
29138
1551
13916
6229
11262
19895
30237
10538
19576
10655
1955
27935
24125
1439
16628
21880
29590
14509
13249
10603
492
16732
2016
18121
12253
11171
23037
21985
18832
992
29324
29858
20293
31516
26881
7423
21040
8337
1860
19096
4999
21609
351
9110
6618
22473
21882
10454
12451
7694
26634
12619
1566
17239
12357
13469
23386
19523
2265
10518
31376
4860
30941
30911
26549
1396
2312
20934
32587
6382
31009
22051
30588
5825
27062
28283
30569
9816
19985
17477
14528
14462
14952
10027
26508
14296
25172
25011
13394
8883
23428
16670
19545
29185
30899
21649
11337
29085
20695
10098
248
28119
18076
31509
2688
23084
9232
17304
13717
21845
7840
27659
24341
11908
22339
9684
30177
20458
10997
18258
28396
12924
26471
32193
16273
16119
14325
22110
21034
16417
24280
25291
10462
19026
3741
31924
8890
15412
30677
27827
5891
15559
24335
30833
15051
23208
20227
7183
1219
12434
15120
29380
848
13093
9705
4807
22753
3046
8331
24687
21119
9608
13682
7320
19622
19818
5132
12874
23123
3680
4206
1941
25182
10422
19270
21951
9994
19314
5648
19618
27611
29402
26509
1359
11687
4150
29809
2039
8432
24279
16476
26892
27249
2648
15116
16803
17911
2596
15825
1821
3954
22072
32065
1542
25164
22827
17196
1085
17145
17259
1235
20053
1744
9161
10580
13372
28185
26936
5225
14618
9319
12753
18770
31356
6952
2843
14864
4786
29306
1930
5844
31349
25664
19781
12727
11726
25973
556
19115
6195
29121
14618
22450
3058
13642
17511
7502
18643
2253
4530
11064
22008
29677
29405
4436
13065
10699
30808
24805
9358
13270
16547
19966
8092
16101
24846
1337
6324
16003
19396
2474
14824
23177
22279
12054
17471
23283
18877
1121
8283
1516
4396
16966
25177
9259
1026
4683
17657
8066
22168
16883
24575
28596
9335
13877
7641
18824
13084
13101
13441
17435
20984
19474
9637
26746
31675
3944
2566
24432
7378
17270
11294
12701
9006
18171
13829
19912
15176
27165
30357
18807
24162
21410
461
4028
5647
18018
12403
29265
6389
23292
17149
20711
9426
457
11186
19132
14781
24846
17421
11884
6831
25462
29026
7177
14145
2751
31939
3437
25271
23219
8741
14543
31806
28762
6847
405
27762
6510
9907
27497
7203
15
23024
17295
18521
16056
12375
29814
22421
28786
11549
14221
5210
4423
2416
6487
28908
17146
13917
962
14424
18933
13809
17077
20660
22147
3998
14056
29352
28223
25569
11000
31278
2509
25378
32443
13461
15047
11228
7377
20428
28154
21501
28283
20189
7635
8592
16816
10168
2324
13977
21870
28210
16843
13376
79
12365
10373
6450
9564
26554
10175
24389
27429
9372
17309
7259
26898
21903
20959
10888
16116
20713
28176
7031
19167
832
32256
31497
28988
26412
23157
9536
11034
10829
28702
13148
20165
9104
27848
17475
18074
32431
19668
9254
10777
16631
23785
5986
27964
2894
998
19620
6663
15732
26907
14929
18529
24201
19128
27429
18466
28368
6277
32282
12653
1714
9940
23947
20288
26374
3509
29081
6217
24207
2152
20942
10748
10438
26904
14848
31202
10714
29894
18040
12596
11254
15235
15188
26280
450
16610
23338
10891
12844
2221
4334
6416
4456
23511
28950
26344
27445
22962
22011
7186
8803
10594
7043
28917
27026
24466
15869
428
31036
27749
24652
19361
26358
9647
32072
10589
498
16742
18529
16542
22729
21587
390
5802
19575
10509
16453
16100
21671
808
31283
22429
22834
8874
18574
18732
17634
7102
12577
31553
13691
22189
30312
29814
27900
19465
13045
6183
26658
20780
17426
30340
15918
2273
18344
25316
11752
19552
12639
17501
31716
8320
15111
21649
1540
2856
13367
16586
12350
23814
30003
24906
3743
17284
30995
31452
28816
14072
25378
16047
12633
6427
29573
31844
29155
6077
12061
14950
8130
10167
16046
10362
28018
11296
18752
8343
8161
7620
19909
10743
21806
18129
16381
12910
10417
26324
27799
29179
22587
21220
26777
11421
20127
26141
4097
18023
14193
22097
22444
24023
13
16633
30328
24676
27099
1138
10662
19798
4562
14694
6274
6874
4411
24712
6981
29014
7096
6276
26938
12538
16004
28725
29216
30104
9468
10521
26320
3253
1631
32259
13599
4576
8402
16912
31494
9538
26023
27612
13568
28791
15070
24822
11188
28060
30188
5521
25812
9385
29628
21628
6981
21249
29172
17236
640
12616
3449
30456
22840
19317
2613
11325
3901
7976
18456
30947
672
29757
2396
2248
6168
9121
28174
15196
12964
16484
18634
13653
20082
22288
12486
15012
17152
14138
29969
25767
28801
31574
21789
2208
23682
17104
8828
25190
461
21080
12263
22362
22413
3709
12676
26013
21428
1149
29289
4992
27802
30043
860
29500
24038
5939
18140
3812
13490
203
32358
20631
26346
29546
15601
15098
31221
30445
25275
1509
31896
31767
1607
29533
22551
31017
28326
28867
15517
13490
759
22602
11485
12969
21290
26287
27898
30649
7689
14628
22692
5852
30840
26509
25733
15659
31227
3822
20187
12277
4730
24612
17254
28942
27969
1748
30340
32105
1355
31906
31643
23017
20160
7331
23223
25205
6588
2836
10612
3915
4690
17740
11039
9366
465
28143
15384
66
13637
10597
3194
31247
11585
7818
28158
2532
31452
28583
14621
10343
28154
16290
3445
7626
30925
6001
29038
13031
27803
16340
5405
30864
29633
25412
15465
6432
27896
3110
5228
26710
3031
21317
30748
9572
25241
21119
26666
9026
14625
12223
14890
19272
21819
21547
17141
11772
6181
9118
75
5673
5454
18520
1469
21041
1629
26356
12490
10147
16501
20123
26697
9488
3767
31096
27399
17947
5641
29035
29104
7632
9750
27906
10227
31543
7062
14501
16609
15400
14288
16400
10902
16992
4445
19463
9500
16085
558
18500
16524
18247
14033
9653
1654
27160
17135
11492
21123
13405
24346
21687
7769
24117
13253
29017
17599
4442
21908
20344
2
32245
22231
4017
10135
12727
4689
22088
28929
25893
4925
8989
14326
13107
16019
26075
4541
28437
8583
8819
12250
3154
2386
14793
21997
19738
18486
10924
26328
10969
19388
24332
19744
11532
26689
22887
17046
8788
32176
22149
15158
28616
22929
14181
30543
27280
31299
18295
228
28592
6021
13068
6226
11809
5180
16906
21556
22310
15728
10980
30852
10461
31383
4553
18691
1812
21270
2076
23258
5727
27909
8229
10625
3431
26930
26886
29408
12421
16489
26352
7860
11152
1523
23446
13621
15859
13149
29410
10486
27906
24955
10215
30732
12430
4779
30232
26738
19894
29278
10935
25516
21505
11733
27280
13739
28842
18985
16358
13041
3131
7054
17582
2549
26205
16856
15611
17353
9199
20031
13754
14330
853
30303
31647
30648
11027
30851
32351
29750
18074
5410
29728
25684
25953
16810
20781
11644
20536
30845
26607
21449
18650
19001
17689
13679
26561
5181
7202
5463
3134
105
22520
14601
4808
12836
9203
7631
17813
17572
263
2327
15207
32362
15167
30746
6313
24075
21350
12987
26298
25654
12551
1458
30089
16115
12441
26601
31586
14889
25075
3878
26375
6499
2822
14315
6147
16083
17098
9371
28987
17304
14457
6109
31174
25916
31484
20037
32766
27777
21666
15154
29399
29021
3864
3314
25968
8259
13206
15405
28904
25764
6998
10880
26739
7350
25674
5224
5037
14964
7694
23138
25390
30182
17180
25936
21342
29858
21055
10783
29066
2707
7242
4263
14136
30713
6665
16850
12216
18609
24184
8449
7164
14519
31027
29867
2218
16873
23854
583
2670
14093
8102
8557
5269
4118
9047
2616
7640
19363
1008
25326
1909
2505
21956
20707
31365
17426
3522
4250
12169
18117
9639
22830
21574
20328
20594
3824
979
29828
21272
2386
1264
15016
21882
28676
17049
31408
16276
29532
13019
32071
30455
25595
8167
28587
4217
28078
1893
5553
18987
31122
1034
23816
24971
31612
30061
13761
6651
11927
23062
21519
1906
1359
4056
16204
29042
20590
28258
21053
25146
24965
28688
4247
13884
11406
23815
30146
16337
11471
11392
8412
21292
4354
4196
513
20108
29362
24346
27850
29366
7400
20380
13331
8099
9735
15313
13058
18806
24821
23831
26437
14769
27003
14110
154
28839
20463
9469
2453
15157
10256
15487
3486
20653
32561
31678
24633
3347
32154
29940
27018
7052
14123
27789
7192
9491
28482
7553
30673
22382
21471
6112
15950
22624
29702
28079
15449
31009
30053
8690
19628
15883
19767
3594
30716
3734
104
12609
22070
8582
12026
7844
5385
31075
28327
32017
18340
1322
14536
19856
25537
14658
28533
27622
4066
13489
15854
32104
9946
18064
22585
16910
5264
26556
24077
31688
28672
31951
25839
24597
30338
29775
28059
18385
19535
5413
18597
4430
9793
4432
11872
26791
16602
12506
3583
27217
18568
10507
22522
21491
5927
29662
18356
14200
27336
15281
28762
25698
31153
12096
4366
31585
1957
20948
29765
24612
24677
7096
24173
32111
23414
32493
20436
3950
19749
9246
7621
26697
2249
29654
9972
25336
22600
16369
10011
30809
3292
8529
28134
10879
3351
24018
32013
14925
1061
27263
20927
23364
5714
24070
23879
22938
16075
26473
28906
26252
15017
7415
8462
32501
9515
14203
25506
8222
10563
3507
28089
16088
27733
25603
5240
13512
5691
25707
13619
6147
6796
21175
26835
12507
10014
20725
1659
504
23497
18476
14699
5802
12142
18763
11812
2941
9784
31328
6860
1294
15650
25610
9941
2334
11962
13105
30170
28133
29988
17140
22985
21416
11617
739
28743
23694
16338
3439
12112
5808
29175
670
9502
19567
17789
31492
28493
12042
18552
9966
11580
3952
15085
28128
29110
6482
11667
8770
30674
17533
32218
7510
7959
28775
21293
22381
29412
24071
372
20571
16655
31722
29918
23592
973
14468
2781
10248
8914
20164
31858
2957
20409
16619
15786
31260
421
30109
30313
10398
21545
11064
30822
15223
19813
13670
22135
4284
20338
14574
271
31392
14593
22992
3076
32304
31038
3984
406
27201
6907
5074
26286
23206
2826
7975
21603
31654
7658
26663
19138
8621
6311
6336
8399
2369
16635
11725
13767
21304
14521
29930
18344
4392
10347
7303
4851
30240
32058
2620
8113
32661
15887
27484
24500
10911
15352
13261
543
2406
8653
32535
8233
19670
10003
1978
10013
5787
27168
10437
9125
10057
13696
7588
21065
15578
13464
29754
6451
13662
23433
25904
20277
18926
1624
1676
29709
30178
4939
3205
15847
24132
31894
3221
8227
19844
13622
30417
12121
5996
19742
14710
1690
31063
8337
17092
4601
19102
5839
21775
25162
4436
13299
24851
28202
20275
540
23176
25664
6869
5579
15094
29378
22824
12684
9931
10298
11036
19673
26795
20874
25502
571
14087
31021
6602
10418
30705
27585
11100
7255
30510
26050
17256
31296
17037
20121
14668
21412
8312
9429
23522
7231
21705
32696
31994
22520
10207
18933
20743
19394
25584
6584
30488
13760
15520
18919
15626
20652
21715
14503
29692
9849
22208
20259
26884
30263
21064
13961
22048
12600
21893
24148
24432
21361
29605
14289
28834
6946
11769
19164
3757
25530
29513
2027
29122
10229
10603
31567
31615
28487
29971
17846
23911
10877
13293
32243
911
17314
23785
24578
6041
25887
15063
27974
12262
15399
13619
25110
32520
14930
6978
9336
6006
6792
9566
4140
6020
11553
8333
17389
20882
12106
30809
21491
17539
12715
4828
1468
30833
21063
13083
30988
5022
19875
21909
25139
15278
11050
15131
14734
5908
2256
5601
1104
715
18934
3286
6786
20550
11661
2353
3657
8105
3967
588
6248
10809
22858
15286
11781
4369
26094
10628
9136
1048
23818
28391
417
21807
18754
11012
27969
19375
28131
2047
19437
19474
8138
16473
758
10224
9602
3709
30956
10798
25260
14997
15388
13170
21156
15010
29271
31449
5729
6348
30197
18157
6557
5110
17434
13009
4918
11926
8248
21439
25813
8132
4309
21173
7629
23185
6543
20074
9542
8089
22109
6535
20378
19676
23575
10516
25343
24521
569
18224
20327
23964
31204
24070
7588
5610
22053
28412
22992
29562
27002
2605
31980
20311
7314
23066
6599
31267
8789
6044
20769
28590
11556
31262
20753
26824
2402
30728
25508
16211
16691
27518
20679
22684
11651
28491
5991
2539
6219
2072
16854
11096
21519
28130
22897
19681
27820
2475
15744
16826
21840
31599
24925
30180
14282
15449
13785
16897
18692
12599
16859
12647
18125
16684
11850
28275
732
17572
18733
18719
7954
24717
17425
3031
24320
8645
12715
4745
12969
27854
1727
22524
24201
5577
8769
28002
25814
13474
8377
4144
5125
2440
32492
21037
24208
1440
20408
1993
24567
19450
2368
28849
13061
16068
11593
20128
32084
27837
20708
24184
21523
29421
18254
26513
24071
9876
29716
21841
22224
7008
2170
3837
22382
23010
12318
462
2051
23107
28889
4424
7898
5939
16870
25031
20649
19747
7750
12635
5651
14772
5730
13013
27249
28527
9459
7970
26578
4534
19231
28888
25664
3322
14308
32271
29766
7983
32442
25714
30383
17533
8564
31638
3471
23609
29032
16778
10376
6675
3023
30127
1094
6033
30063
21961
17228
6588
6519
12631
1011
24345
12202
18208
6063
2522
19903
8463
16277
31318
10248
25152
4634
11703
17747
15195
28190
29938
10766
31009
7977
6141
16046
24900
5876
14652
30033
20860
24619
3388
29345
21719
11889
15011
15868
9041
12197
30311
15571
16292
611
12351
32080
10081
30158
25431
5180
18752
30349
24392
4639
13748
19732
7495
21417
15811
4389
30108
12624
29717
30358
18775
21051
17483
22356
29758
9823
5266
7848
6921
19432
9591
31161
10706
25562
9213
29011
5831
6648
8684
20710
15650
25573
26733
32466
25691
15241
22740
10721
18331
22710
20413
28693
12661
11787
15962
25253
32721
11545
28171
2882
9256
5573
8751
22174
29687
21741
3131
2095
23917
13903
17929
6961
21607
28070
18034
13546
2975
15125
1054
3121
20000
11977
15003
27185
3326
20443
1453
10347
30019
10867
18149
20474
8748
2355
2421
15899
16278
24019
22595
29164
12467
7432
14908
26484
3841
4523
18667
9188
5501
27415
5450
22300
19476
2771
20184
13937
1882
21873
24811
29870
4222
2741
31304
31576
2430
26874
13041
18743
24983
8146
17470
6673
28160
21997
1839
15289
31447
17980
11521
13385
26716
14421
26111
7595
10333
22554
27291
23134
12273
12437
6845
1910
12649
20007
10075
20453
12932
19426
31306
1274
21218
20531
20564
8231
22203
15556
14730
4615
18897
5536
29659
671
20131
25497
21478
26341
28132
5607
12301
3966
31275
10001
459
5324
23532
2321
12615
17448
22951
7347
16169
29292
12383
14398
16556
22453
4174
342
25076
22631
20951
7713
25251
24433
30396
425
16551
11730
19345
22401
1365
17244
15729
21164
26812
17591
14319
25530
16179
682
8015
6708
25909
1686
15095
13626
7535
18499
9248
10091
5398
28895
3281
4613
638
20292
29454
31565
4585
24954
5197
17458
5277
6013
13609
8493
9785
13120
4442
6763
15432
27121
2021
22318
21527
10879
22416
14449
12996
11610
32665
1739
27544
12666
6311
14229
8342
2722
14849
3407
12628
25830
16126
5952
19466
24939
189
21597
5353
28782
22549
32108
22446
3207
31695
14953
30582
15151
3859
18217
4308
30337
29729
19261
545
25661
14146
26905
19987
32274
9725
18550
3217
3869
26253
8180
24006
10925
9107
516
4981
73
8201
28933
1164
12532
18295
32429
16123
2479
3689
31403
3014
18240
14112
29834
31065
18226
20104
5337
24605
18973
30058
4489
5448
11047
18915
16790
16377
12491
1301
5098
1156
23257
8476
28030
31242
20926
6979
12994
7758
23302
9848
63
15299
30495
25086
22138
30186
3168
26722
15644
28634
17225
19120
8529
16672
30733
19430
29550
11466
25933
28841
18390
20159
27687
14135
32542
13138
7535
2973
14703
3350
26684
19498
6444
31987
4519
29219
6357
8313
22991
12984
30764
23157
29217
11319
1174
2498
10454
29568
16579
8802
28092
5561
12177
23757
5178
25155
17966
28553
30350
4332
18813
1787
24154
6246
6844
28541
22111
18680
14179
9649
18824
32627
28751
16660
4906
1128
7199
27862
25738
27544
18655
25321
9120
1964
12516
7512
10010
17958
30454
12762
29604
1944
28085
2983
24167
18451
28213
30602
14543
11235
492
13879
27026
17529
25550
2272
5870
8617
7350
27651
17970
790
16136
29830
5247
15850
1428
773
27856
10954
22974
16747
24376
12297
1244
7871
32107
15387
4320
15681
24704
17485
7223
1718
15349
7092
9457
23296
8692
13923
3873
3313
23764
11489
27271
8545
483
5083
15212
1150
8547
31765
19150
10596
14290
11942
16829
18414
17519
31077
5125
11467
10489
8095
32269
20436
14010
17163
6655
9372
3268
22783
20521
22857
11131
32739
9892
30627
24915
18663
13363
7275
29915
18929
14957
14574
12283
3033
11039
4826
12409
10457
7404
30287
8642
12095
29494
20025
17384
7269
15682
5854
25575
995
4246
24243
10540
14083
25254
18804
23640
118
9648
18803
2881
18501
11493
817
11833
13322
7113
3883
12948
5983
25820
3574
3684
18583
7034
17038
16775
11692
7424
9964
26596
5497
21808
11990
16625
12585
8663
11515
20601
16880
6572
3647
31900
20217
14972
24404
19735
30623
17028
20618
12229
13791
14623
11240
26214
9485
27297
29051
416
8391
23426
3566
3395
20520
30399
24411
20945
28989
31613
31841
20286
30909
28143
29047
21748
23028
3963
26751
23322
2817
8728
28319
278
6465
31483
19532
21840
25099
10354
9127
19001
17310
12048
18701
31885
23127
8714
2537
11989
7720
6881
21965
7727
29765
21569
32194
5201
2336
27690
32220
23244
1688
4429
1297
29582
31341
8121
12106
15019
248
28854
9659
21853
2073
25073
6512
4681
15984
22490
19497
7939
720
16203
7016
14037
26608
21098
16840
11964
8292
9424
17040
692
26316
15083
13192
18485
13900
12448
22796
10750
26428
13109
18526
20753
1056
21103
1089
24319
27354
27895
18371
23909
3614
15362
29530
18103
27431
16945
20530
3132
1960
8630
7622
15706
3078
7609
7598
13332
19908
19194
4535
27345
24127
13239
24633
24415
29083
29392
21157
10039
12797
2601
8798
6403
21242
30800
18378
12125
31056
20832
16296
2266
19156
24357
15012
10567
15020
3200
27432
24626
26046
8205
25974
30893
4968
2564
17908
5710
11890
18781
4550
25466
19009
11320
1442
29923
2125
28539
18144
1616
29141
445
10961
29853
6609
28003
2130
6402
6952
11784
18337
27032
18211
29987
9327
792
6177
8675
22070
32742
15501
28766
4812
16463
19982
9195
7993
2063
2301
12492
25286
5399
6172
10513
12374
5005
18565
28856
14841
4883
14816
32025
25279
24908
24281
9090
25290
28060
25042
15134
29095
6704
16852
5659
27359
7743
15308
5643
8392
23951
21492
24459
20897
22842
5007
28963
29406
7602
20185
8558
18113
20995
1854
18555
28714
19544
15818
6258
30896
20417
18913
27003
31984
22323
2096
31963
29477
4561
30179
31584
16378
29801
3096
13056
3484
1090
28564
22461
6418
16149
18613
19404
27089
17497
22440
13045
10123
9155
6364
21821
585
29966
3511
5315
24761
7416
32135
31464
18633
25485
17083
8370
13940
16295
30803
30323
21724
31670
7061
11941
19866
6077
30210
20505
8786
3229
25480
13137
17546
21654
18681
28458
24508
23819
20156
30909
2473
17797
13251
31368
19697
4091
19644
9929
16865
9809
908
2347
10636
22814
27385
7076
16157
15282
15014
8862
13163
344
18245
5205
1742
16344
19208
3968
13618
15168
4696
9523
26729
7908
24778
31236
9414
18340
8783
621
9191
877
15531
24177
20946
27139
5416
6274
8260
13053
7819
19363
9285
11537
839
29898
12800
14993
16369
29576
27346
30518
16884
32235
29089
27421
24198
2980
14703
28431
13786
31845
8750
9733
22167
32141
22486
12267
13706
29447
10166
31141
19863
26479
16391
20048
31734
18295
3527
3530
27804
27786
11461
11380
10998
15023
7672
24630
10973
21935
14356
7876
24007
12666
1631
20768
10298
455
2497
24673
19335
19707
4123
32690
6068
9804
5594
22429
31162
21286
26060
30346
14833
24525
27442
10882
32456
26437
27158
10297
26553
4719
4575
9036
21628
4724
7714
15303
11387
6758
31163
25834
14983
7205
6173
10541
28873
19584
30950
28545
10491
12957
2487
9689
13528
18075
23106
29929
21200
25461
22180
24877
23297
4138
31734
32046
14435
25627
15134
4353
578
2740
32235
23312
18930
10830
610
19997
28862
12884
82
28803
6689
21669
19759
16575
3641
11834
29212
17200
8312
25353
26698
7451
28317
12585
28545
24818
3042
16182
13052
28630
27767
10743
12410
5210
9520
5438
5522
14986
21371
17424
1863
26924
16788
31750
2012
24645
6908
14323
28394
223
17703
28103
10159
25098
12404
27572
10665
14113
13667
4239
24419
27470
20995
25464
28560
5712
23465
20157
7254
11900
30951
508
11500
7170
30652
16264
5479
4466
21513
6414
20689
19839
580
24441
8572
10754
21104
18962
11157
7234
32589
6380
7676
2674
15820
13951
23891
6779
24773
7315
25942
24060
25836
96
21610
32655
30978
2547
21880
21839
22088
6867
23547
31895
32057
26597
26200
25356
10872
27277
14959
24797
6152
27926
20591
18505
24251
13908
24558
3682
3053
6279
17209
28945
16241
26499
9448
15963
26060
6670
11190
8418
25249
6794
6288
5551
16237
2772
2796
28462
12917
32619
24412
2426
4604
30165
23651
5083
1976
2622
8583
5006
6279
12387
3239
964
21599
29614
2447
14060
17027
674
32714
23861
24061
2426
21175
21583
13896
8205
10208
9330
2125
20213
26502
20130
25489
28656
11137
20529
12204
28038
4167
32645
9725
9709
7242
9756
5020
29993
12679
31692
30608
10871
15707
26448
20802
27884
6809
10240
13106
21338
23003
19680
28137
13171
25621
7388
26415
27697
11120
21586
29053
12149
24149
23505
14261
3822
20679
23585
4369
20540
4087
21379
20825
19541
21522
4153
26970
24104
17502
13385
27539
9345
16773
9855
18737
6957
10801
5297
23358
20318
19928
27462
3093
13137
474
26105
13593
21805
3273
7643
1190
32047
23559
14487
72
30468
14231
7418
30507
2678
26669
20659
30931
26443
903
25431
9229
2154
21248
2728
25126
21056
2147
21526
25178
28770
13565
3974
27023
13940
14070
22355
19012
2121
4321
22930
6340
3403
24465
18075
28575
13086
25134
2245
22618
17280
18569
10608
11366
4468
15277
1865
591
415
21687
16841
31542
29170
30183
32255
1153
17545
14838
26768
25041
4563
28074
6396
4916
17908
18345
14882
27549
11623
21131
7175
27537
13544
15666
4819
13346
24721
1374
18204
9761
15939
12412
23399
400
22343
1727
2796
6486
25909
1138
9626
28470
19989
30093
3419
19458
11205
28550
6297
10252
25243
7529
32257
30686
2890
4651
11655
12587
13322
5436
15018
7173
15603
7515
15353
17487
21418
28078
17366
8054
21056
2322
22138
14940
1367
28592
313
917
7559
23249
30471
1494
20480
27379
22076
9898
27248
31771
31636
15719
24103
5230
1658
5729
1657
8443
29318
13917
11875
29916
27204
29257
6514
15997
14135
12074
5089
26427
29469
24149
19969
4401
24181
2530
1758
10062
63
1374
18976
13227
29443
5824
17711
28700
788
11166
30619
17670
534
28321
17082
10864
29630
20791
7315
8028
30681
23943
27130
11095
5520
25770
17405
7759
19434
23832
11391
677
2962
1376
30243
30083
32219
7965
25452
22896
15617
22053
16674
5921
25010
10243
32759
24722
2508
24488
4458
10838
15465
31069
3052
20268
20249
764
23105
4562
12398
19552
31274
28958
15294
31770
3649
586
31268
23653
18212
17808
29896
29789
26581
10486
31840
16747
26977
11628
2551
9476
448
25108
7405
23187
4605
10721
14912
2483
16279
32611
28937
18594
15654
10977
2122
8946
1601
7849
14822
30850
4768
28068
7921
18605
17534
4141
12586
15809
5697
27427
1478
3251
19293
19773
9584
32017
10358
22174
9613
11575
30405
32426
26308
26310
22204
11287
7358
5970
9709
4935
810
16731
31784
20181
25605
31103
995
26222
21272
17389
12767
14306
17090
26141
8201
30330
22007
191
3999
13453
5001
1521
22163
11086
24230
24500
15412
13544
22691
23201
2315
11469
4087
10456
19971
10826
8331
4410
9934
18784
10545
7896
31619
30159
14961
25770
1420
27763
8844
10629
7103
26323
15035
4167
2507
9464
6584
4181
30422
18811
20351
21063
8036
15330
3670
17633
26235
1325
25867
32325
517
23211
28285
15720
18037
19218
6749
8131
21933
16847
29494
24395
13599
21659
1451
11426
3891
3919
19713
31119
9193
12793
18653
18348
11456
5423
8270
20318
14294
10403
30221
4874
15952
16376
20996
12934
31228
8660
17422
4814
15925
3383
9214
11769
22536
10507
4834
8043
14741
4604
8585
16459
29879
31369
16450
26680
18663
4443
23527
9783
18525
8662
19482
1520
22649
8943
30415
13595
4450
10301
19723
7477
16621
26962
1258
17783
5312
21323
13543
4360
12215
22694
13400
11634
11910
29524
25912
17747
24480
3343
19241
19285
12888
16878
5049
29023
8518
12599
29669
8205
7149
20596
32476
606
13210
29897
23045
31149
3983
1668
29250
3555
27745
4854
5751
11754
10911
12418
6982
21605
12468
26867
27677
25758
9231
7698
11635
21439
15745
7289
21582
29254
15590
20642
22281
27059
16391
21059
23380
17027
191
14814
1404
1634
15965
29843
19693
21149
22090
2618
31221
28374
20460
2478
12490
15355
24521
3947
11727
3961
9712
6748
5907
20140
11157
8942
1818
24218
25595
10345
13537
15330
13463
10368
23836
20207
18546
13607
20674
20593
13007
7332
19659
21006
9486
22505
32569
16212
15312
13089
23893
27379
10076
25737
12091
31785
13121
1409
29848
20605
28989
8675
1715
9648
2910
20883
7082
8177
359
4183
3838
80
21877
18409
4946
8053
27618
16459
12656
146
8810
27227
14477
4246
25228
14503
974
26020
13107
31362
14603
4803
3478
27992
25810
25559
31069
30782
6063
5584
13317
17869
26794
24353
26501
12337
274
23667
13362
13181
5497
13723
4576
23105
28672
3786
19530
22623
28629
6660
7860
18458
8697
23764
13006
15728
22343
32317
1756
9130
23474
12531
32532
6449
13006
3532
9799
15779
32146
29297
25028
9766
27996
14425
7290
27645
26677
22520
11612
2393
16982
19507
32010
30833
12524
18968
11949
18644
23065
8396
20514
7934
9787
21956
21852
21034
13936
20792
25347
7272
9306
11989
11361
4335
28447
1715
26751
19636
14772
17030
8843
5436
15964
21272
27005
22958
7019
23031
8955
18988
23888
7018
1401
31075
27090
19626
32164
15457
12442
4687
769
15527
17650
17161
8145
28800
17612
17040
12345
28049
12550
2270
7327
18864
6892
10651
4951
32250
19199
28633
1407
31
17653
25089
27431
1537
19712
16909
4790
10110
21075
24056
32648
21129
25315
17523
7132
17792
3178
12762
16878
953
20146
18790
24672
30815
784
28324
15838
15228
23854
21286
8194
11606
26894
3192
22901
23551
10828
18005
856
26408
16548
25883
26082
22070
13747
11389
21578
5272
22530
15992
32743
2135
18240
1672
1686
30446
5583
25883
16476
11357
9091
12102
4172
6265
5542
22199
15531
22150
4159
19947
4691
21255
5267
31905
22357
981
10477
22670
20706
26223
11675
30290
24684
14481
825
9899
31752
7944
26162
29672
1559
11972
9091
5025
18469
3119
2754
8358
5393
5309
16735
12597
22126
18116
23339
7536
2346
23439
23574
2573
28013
18350
1853
2896
28100
5519
7972
29750
383
20051
31551
9716
3672
25818
5816
29599
3413
22304
31852
28205
30447
31181
13367
11420
14963
8711
5489
25713
17577
8587
8888
26212
22964
18684
21232
21338
17977
25722
27529
7571
11203
26231
20480
10789
27750
13510
27305
9897
31139
19445
4779
26420
2700
11485
4940
24713
32040
18551
14447
4748
26393
24050
1114
30458
6524
32514
29373
18520
7185
11898
27888
13609
25500
19741
21373
21348
18315
18609
16606
26661
31448
16726
27016
22435
3121
6422
15656
20834
12631
8637
11564
3242
25028
23787
15493
10551
1168
615
15531
2098
13717
16566
23522
12640
26066
27629
26813
6298
23309
3779
28384
22397
21180
4586
4361
12130
19494
28064
17490
26512
15814
6529
20656
23473
14832
11935
15040
20099
18103
28628
31427
21712
27917
11351
9446
27808
17196
12430
26312
5293
30261
14627
32310
30743
5911
7258
3385
601
11955
7586
28498
28540
23870
8042
29700
11403
2278
10037
8851
7238
24504
26609
27404
5146
12481
18052
26757
9553
24691
3241
6310
1671
31819
15866
11368
12637
12721
17229
22045
2161
11296
24644
14513
6541
7814
10016
23599
20510
31726
24278
19334
11240
9052
3941
16270
20473
760
10342
31558
32219
30319
30181
15712
20750
25751
22383
27391
20149
24658
28012
22463
7568
20660
12464
20214
31274
25704
10316
16953
15188
21583
12714
16674
31441
14699
3801
7761
13907
31228
12069
26033
31911
4584
26091
2044
31532
14944
939
24450
32649
13505
1375
29222
16799
15544
19979
5289
2493
26026
7830
21291
1811
26451
16344
17134
27242
7597
4852
8542
6418
16403
31720
25678
3099
5030
23138
8069
12232
7408
1238
25465
22336
5319
31181
31066
6279
9332
15232
8274
9389
11541
2469
12300
28741
7744
28041
17523
16409
8169
19551
22204
28188
4998
29655
26534
31392
12400
21747
7936
15817
16269
24855
1132
19778
14892
15711
13668
27182
20528
16436
15482
2914
6513
27938
28132
22481
30303
25316
27959
9543
25577
28609
16499
20315
18077
16412
5184
31391
28944
23366
5495
6169
27008
25238
996
15607
12984
18108
25163
8830
7220
26450
26536
25156
23942
20660
5563
17055
248
3090
6340
10077
24947
13763
21644
31413
16287
19932
17060
8830
12876
30466
1521
21919
30225
6012
22377
26055
24626
4236
12311
20830
30919
0
21605
12731
27
16388
9370
22935
25427
6458
22178
14273
25680
23309
32014
21012
30934
20034
32603
27815
9453
13775
26487
12611
21639
20977
10369
27418
30820
6521
17104
10933
27187
7526
26936
26159
23546
19129
2952
27041
22199
32389
27223
11229
3144
8262
6145
23391
136
13939
2796
14208
19899
10583
9488
2541
2092
10268
21686
21592
1300
25641
12927
1645
2238
5806
16553
20488
8169
1148
12174
25509
10350
29723
19309
15640
19746
18966
30573
16510
30974
16282
23007
17779
1405
26431
7620
25221
10310
29734
28047
3305
25611
30532
2860
24685
177
1789
10560
9134
20145
1269
27059
23691
14782
30243
9580
2265
28328
8487
24923
20312
6272
26333
5309
15590
30973
2354
9371
25075
24606
21558
14484
25653
18193
23923
19677
22685
4692
19838
9606
31113
16154
26571
1791
3387
32752
17605
22490
4234
3232
29214
4050
31191
10581
28004
6157
10307
10497
11478
158
21279
28412
10869
12110
3493
13294
9566
27548
13029
4590
3414
27650
19969
7147
19623
18554
21149
1099
25643
30273
14738
5843
3494
12507
21986
2503
22616
29783
30193
27218
29651
27860
9458
10279
7435
32580
8351
1129
25004
20336
22317
26569
11696
26429
383
25582
22320
25389
11674
25625
7290
18472
19801
20745
18533
26237
7521
11292
28897
28196
30808
26040
978
6214
27218
29417
5663
2558
6284
26187
10501
21602
20829
4139
22962
13757
22633
27113
12047
31
17176
20640
31197
18712
31047
21257
31491
18112
11837
5789
17446
32250
26080
6138
1659
9722
23080
19080
17369
25861
21717
23388
5651
19064
20829
7005
132
10764
31529
21669
32747
15448
23552
3882
19578
10392
20164
2205
553
23468
2652
25490
9040
20580
22769
20962
10613
11514
20317
15949
6242
23008
6368
14692
18299
30140
11029
11687
21839
19122
30245
7914
31085
10465
25915
30973
10361
18992
17208
12683
15999
9034
22439
16707
9094
17895
20467
14390
7785
14414
18647
29056
18914
26135
3095
10795
24552
3638
22126
32592
20283
21045
14791
6015
20285
19137
28592
31585
26115
17768
12299
24988
5292
4001
24582
29175
7665
29453
11598
17343
6910
18172
27008
7017
21120
15155
14817
11128
1536
16365
28494
23714
10607
12063
6774
24878
14594
6912
12358
6048
8512
26057
21157
152
27993
1721
4450
19448
12217
8285
14186
16709
22749
19470
30783
1872
28773
16059
4517
3861
25707
10985
13727
9699
25364
1015
20633
29373
29284
1703
32743
25345
14935
10970
19566
19015
13613
25243
32161
14732
14853
19039
6320
20880
5549
11915
24571
5244
9657
2615
26317
31432
10706
25394
3399
20316
16209
10054
30874
5877
15117
28349
23418
1739
21872
18467
8911
20081
23761
29006
23213
14588
25085
8604
24454
26983
4887
18812
12190
13878
14499
27440
28864
26714
2269
28881
32304
24917
17743
9107
4832
27806
22178
10314
25574
16455
23221
9517
16174
28893
22764
29914
620
23696
4299
2715
32341
20883
5827
27624
6671
29638
13131
25389
19174
9619
14387
20429
13376
30741
16437
14182
979
26240
3278
31831
24085
24765
30284
23935
28404
26964
8743
9032
29384
19087
29588
7652
19334
9949
27224
22743
30262
26740
25562
10166
29863
21562
29309
28718
32609
17382
16172
21831
5083
19298
10551
10218
13038
19828
6237
16546
25482
17310
13610
9887
19880
15683
31619
10240
383
23050
23423
18258
16123
17288
23672
8787
20843
27161
30306
13820
21370
2318
5468
9151
28512
13838
31621
23566
28505
32694
29969
21020
12886
24451
4764
7399
22771
754
23997
10614
16042
12261
15327
25183
4934
18505
29516
28813
10394
12534
1675
31040
18546
8150
23020
32085
9930
5450
22369
15816
17470
1225
1167
18807
21698
28875
16165
6185
32403
32229
4973
22222
1390
16693
24865
18697
13823
19968
17023
25579
9628
18074
27039
1538
6707
29830
26629
28818
11905
11231
5235
26146
1669
32246
768
4666
10293
32573
17262
7788
19567
9316
22969
6289
15410
31425
9452
3669
3598
16373
10296
502
22489
7373
27207
7240
10404
1894
24270
16381
24301
4245
3682
25123
12055
8325
28812
19438
28183
26274
11295
10680
29807
182
12745
2886
11616
7506
25833
14669
9819
7536
18080
1076
12986
31062
22315
28700
30637
27838
8560
25118
29815
11827
9430
13011
23258
13758
4442
18970
19407
22210
2528
10261
19579
12581
24774
32629
1887
15792
703
17656
11727
31161
991
22575
3493
30207
754
10629
12086
19669
22290
381
3973
17283
15225
19771
19127
6889
28051
5190
19143
21349
29015
31628
20091
26615
28632
31143
23703
17571
25623
8286
30544
31767
2588
8047
9219
142
17477
25740
6951
25588
27357
31907
13441
25419
14832
6754
25494
16717
20830
26107
22630
13395
31535
31268
6231
27509
11302
12898
9072
28403
29337
11912
31175
24532
18304
12154
5437
23244
30155
12599
11112
611
3065
26135
19409
29780
3046
30545
11872
11827
19684
11967
17940
9555
17422
28134
27639
5607
9945
5681
13906
19815
7148
18045
20509
29750
28210
4570
25785
6785
30253
5008
29666
3178
11661
1121
8671
12646
8449
13582
22523
31459
13389
4637
18745
9775
27805
5336
12100
21909
13592
17817
21413
17609
20921
13125
14648
7302
29786
1047
31201
10613
10258
927
11387
31313
1729
21002
26385
10569
27881
6307
12625
21669
8128
26522
31549
2733
6531
8452
27684
11462
28684
5412
7633
3551
2471
13289
6146
20491
5154
30647
8220
17775
29219
28011
12572
22623
4798
32153
12241
16068
26439
23319
12105
31937
27493
15040
22921
31382
29544
14450
20608
12740
13533
3417
6974
13682
15711
31600
29538
6671
19376
4676
1745
57
16136
12540
430
18141
4268
27030
29830
10400
3011
10611
27338
18558
14181
19222
17795
29105
9974
29993
11841
3797
9394
27328
13908
7241
27272
12514
30271
6616
23852
11590
16746
16281
32104
8794
16919
31251
947
11401
4503
29093
23044
9406
8382
8486
26600
3108
1172
16328
25811
25905
31565
578
9395
7650
15740
30510
4811
28488
28547
687
20159
22083
18254
15704
8171
2446
14913
14921
13049
4347
18286
30875
21939
25088
12812
1023
9493
9587
16420
2209
24999
2706
20878
24147
24074
19270
25372
20199
15312
17833
21013
7132
27281
20165
29669
1854
7482
8863
22034
25543
10665
5492
14962
28746
1655
27202
9116
594
23317
29322
1436
17414
22043
23380
28395
2383
15836
19317
15774
61
28478
14093
13533
16551
16073
3155
1687
32530
28669
7573
9588
26324
14057
27770
29451
24442
30713
14987
7766
16742
14864
753
18018
15805
32470
16768
13643
32128
30036
10997
18280
15352
15038
14972
21187
24664
7567
14454
8908
23198
5851
7800
23630
18362
28129
31895
23969
8434
14817
17379
28450
31365
13869
6705
22496
5518
7297
6942
10904
18732
31127
10832
24292
1760
12279
15103
2735
32310
7437
12468
20460
9128
5245
15697
21127
7871
9659
24658
19100
25467
24534
27474
1768
31477
1940
12241
29565
16195
29636
14900
30905
3740
976
15885
18040
14780
25746
6045
24457
12682
5992
1688
31071
14329
28555
1575
1033
6188
31132
26163
28261
10717
384
2529
31376
9215
10862
28505
13984
674
19782
25804
28054
1048
4389
3765
9358
342
29238
9055
30777
9628
10955
32679
28301
18777
12972
30979
4283
29769
18606
4291
24930
19168
14984
27799
770
27371
24291
14418
8883
31605
30128
21741
31511
29671
25278
30927
909
24180
30348
9547
8103
6580
14684
5483
25311
23951
27784
2540
15493
1885
13849
5769
8188
29003
10902
21629
32038
22785
10522
7747
7453
6530
15785
14496
14116
15443
32196
3299
20957
9695
4923
22636
17596
24858
26947
30059
28091
20069
12232
8426
28495
14770
10501
25102
2715
7144
30033
30361
27108
2953
20796
26804
28486
8338
31194
12780
23461
20386
11103
3962
25062
95
28140
27591
31326
25365
9385
303
2698
18849
4884
6661
13569
1934
19609
4568
26024
7549
16994
31733
28197
13258
25456
4909
18070
10348
747
22233
18050
13341
30902
31003
27151
27324
12359
614
30582
6895
6582
20032
6325
20748
12563
17734
15748
314
4093
30833
22921
7379
15728
409
21199
5901
12255
19767
13429
7386
13699
12655
31139
1036
14066
30286
1218
13757
2035
13136
5869
6126
14993
9765
23458
14958
10350
26292
23742
19198
9818
7265
29352
5298
5668
6283
1228
3738
19120
31321
11851
15778
29258
16311
6896
28087
31546
26523
12391
1579
9881
2445
22441
32091
15715
1638
31419
12175
7117
13912
2712
7457
1752
14382
8556
21474
38
17877
5378
1977
3084
12828
3456
7821
7658
29624
29778
13157
7863
24971
20324
21710
16864
1062
23700
638
7251
8332
359
11830
12758
24632
25338
17389
27806
14946
14908
32042
13085
639
14427
946
4123
16391
3964
10083
8456
13178
29615
11104
16017
11429
10274
28270
4977
5666
27797
29342
5514
23070
24333
2093
5428
1118
9677
8104
22229
17796
30082
1875
27314
15247
18366
6092
14084
9122
21927
5100
26703
22790
10993
16366
15343
17777
25865
29651
22771
9865
29331
11524
11055
19620
26391
25402
29837
14034
14071
9371
2212
12317
28581
15654
26252
21007
16402
27984
9456
4213
25962
29679
25700
12899
20478
28504
15353
23672
5250
22980
21519
4195
32120
9465
9067
17830
20716
14630
650
32666
7778
23310
2356
1204
10509
15720
27220
6918
16961
16774
16902
28169
10283
11062
2546
409
15552
19430
10201
22081
10483
26891
19053
8889
16427
25027
2150
18093
14324
22456
30162
23232
2036
24392
9132
465
1570
31460
15793
24445
4914
26038
14959
22501
27475
29063
20895
31921
28445
31711
11444
19285
30917
15982
1460
8338
4500
32426
10311
1344
7063
24762
2318
14412
17303
24979
26421
6653
20299
15457
11340
23675
7117
16168
32338
7569
24651
21163
14355
19890
2303
14733
15285
2106
15969
19126
21389
16631
27803
11000
5431
27368
24381
18930
31461
31812
17714
9781
9975
29630
12531
7334
1484
17160
26874
18212
16856
17046
7290
11882
15863
4772
20557
21302
2561
3450
6189
21163
1439
12015
28712
10739
9565
5420
19022
23850
3584
32434
9389
1399
31257
27039
15231
2684
7642
14380
11169
2801
32041
32379
6471
14475
26611
23952
12015
11043
4291
3997
2195
28436
29075
2434
24355
21221
29410
21908
2098
14376
2310
2973
7664
27553
15300
2597
25432
18603
19486
21744
14506
11224
27756
15560
13340
30936
16046
13437
13004
14236
3361
30505
30202
3258
28944
25528
8308
4372
23533
12712
10321
19637
13984
25358
4322
22779
2847
6106
230
28155
27711
9819
2301
24353
4042
7430
11872
19223
20177
4467
3534
744
67
24744
10954
27750
25023
17562
16131
25545
679
25329
7700
24728
25974
14604
365
25037
19283
2373
20625
25908
24038
11638
14723
28180
11114
29372
11642
24337
10499
25210
5596
11089
12114
7329
21866
8926
9543
10031
27064
24139
19767
22262
16609
3483
26671
13727
6008
11870
9095
2286
29378
27933
1210
24392
2850
13816
18293
17778
15060
14478
25069
2459
17630
25373
9078
12189
2116
6378
8530
31360
29564
10212
26054
12095
19489
16772
5491
29903
7916
31479
32484
30046
27615
6271
18532
9433
25283
10263
12306
20656
17365
12118
4663
23773
14525
28821
10710
21027
14783
2900
16261
8595
21301
31706
14972
16725
24381
15900
18412
1701
1967
6112
3218
24860
9298
20002
5259
23345
18767
18871
30058
1023
6629
28464
22152
9801
13151
11777
21403
28859
17475
2787
28042
29554
9165
10614
32128
5823
32155
6443
24128
28456
26026
26977
16312
4784
26753
18638
22744
21337
27564
13345
27556
742
29292
30693
20360
9189
6829
2473
30188
11245
26168
31838
7433
15141
9258
5120
9467
27909
3749
15481
15127
9825
28869
26562
20350
1187
26838
5963
2290
21080
6852
5277
10985
9454
26322
7486
8672
1979
30863
1492
10738
22594
16903
6286
17321
14258
14134
12992
27412
13744
24002
26061
17690
6230
1257
8010
14093
25980
14775
7264
7299
4406
19325
11378
3937
30109
29824
1792
30264
30675
31470
14540
19669
32321
24086
27707
23315
7203
25559
4349
19956
5703
6745
9968
26352
9489
8700
12354
13709
6083
21390
3799
3888
15611
5825
20714
14643
13438
31964
12534
31031
3635
29616
19671
32700
23155
9422
22572
24815
3968
21751
19969
4034
26706
22484
26027
3906
8346
27623
20210
20006
12801
4802
31094
24739
30384
14711
27467
3208
21782
17743
27367
23430
22757
22719
62
10191
23902
25751
4395
22244
11471
22909
7442
13991
14682
3482
23492
12472
21239
10899
17314
18430
32444
14267
15110
5252
21341
5255
30942
12679
32495
30530
22682
20941
23025
17409
9545
28216
11148
20442
8190
17050
794
25681
17785
3275
19174
5907
5891
16889
30770
18919
27290
11840
31871
26337
1614
12922
23560
11480
2795
5209
3472
8219
29144
5299
1885
29536
8767
16412
7557
31997
24942
11706
5480
3163
8830
8277
4734
13223
31026
15790
16467
22986
13345
20498
24015
10396
25112
17966
3515
11092
18106
25893
4225
12612
617
24800
19251
18627
29034
20134
16335
26218
1603
9708
23234
3203
9064
17262
14762
1726
14359
8830
20320
3622
9345
16540
2358
26964
10538
24392
22909
23778
26002
6164
19275
35
10773
30461
891
18961
8464
3835
21236
27271
4933
15575
15919
17329
19329
3133
7667
6080
23932
29458
15715
16098
21504
22279
6459
31089
2637
4463
9303
12906
13501
25934
13685
17954
23716
7090
571
8500
21370
14918
19324
19390
24892
2084
7863
13517
12815
21739
20704
21013
18215
13841
5731
26598
28391
11899
23655
3419
2121
29771
18255
16597
5505
18682
31367
8359
25053
6054
3453
7187
16112
19885
20973
12406
7407
8570
20322
1727
603
15263
6138
1317
9952
30244
23145
10522
13694
9759
21824
15738
31206
9093
3952
16649
32039
832
31241
4380
21897
14210
24392
11414
11705
2648
17105
8982
18215
9858
5945
1135
31661
8834
27847
25689
625
16883
32124
18022
31756
24860
14928
1591
2540
16069
15807
4079
29942
6217
18308
31976
10096
19437
9637
26789
32287
30064
11951
4616
13484
14564
12611
7365
29005
12220
31953
1815
13217
11301
26532
10162
10971
18074
30239
18424
14114
27058
1862
11887
6712
20541
10880
11635
7002
10640
666
2600
8808
22557
23056
20403
3654
32327
19592
25258
19074
19828
10656
26824
26679
19299
29929
22758
15921
448
10035
18214
21585
19445
5388
16754
7731
14148
7811
20517
18703
10514
3122
28423
8413
16262
15739
4735
20669
8275
3089
3332
661
10706
2234
26837
8700
14932
30036
2538
18007
438
8214
11306
2113
4406
1049
4574
17969
7556
21271
30310
7254
10013
19570
6442
5062
31956
1400
29908
19672
19633
1765
30397
10446
14079
25513
19108
14008
6049
11500
3750
26517
31141
26448
874
19898
26908
25974
3229
27512
5928
11203
5534
21753
1110
16740
11898
10603
9518
4751
29978
10080
13577
18444
7867
24693
11043
14325
13727
20530
1521
21434
24322
23090
24757
14183
15696
29572
1871
15914
17045
31568
31830
16400
1845
1726
9575
23823
30941
9235
4541
31049
30137
22814
3842
20111
10216
24786
101
14116
13613
27700
11245
5572
5863
27256
29197
32485
11843
7270
9080
1853
26800
30467
26934
23428
2195
6510
29432
1403
26172
23048
24489
557
15641
11991
5189
3445
22826
29997
29934
18112
14517
23684
13373
4884
30267
30893
11478
24658
3754
16170
31039
11704
22484
29656
15858
32169
15136
18641
22960
5297
2176
13712
28697
10692
30115
18774
634
27590
7531
31949
2790
81
5025
18155
19848
24498
24808
31002
21559
12852
31471
9878
18507
4770
3307
6934
7855
23047
9285
9390
19000
22712
5519
13556
26677
8340
11709
7522
6984
17547
914
27387
2164
12637
32088
9521
10870
932
24276
29703
28505
32533
29561
29043
21573
2819
10460
10758
29592
22564
11624
4302
14647
5016
26451
27260
12583
19239
22480
29634
9303
26315
16007
18175
30656
23406
4418
17694
432
31476
7145
1467
18787
1404
23728
4744
25812
24547
28815
29168
26834
5002
9203
17658
8022
31578
31667
31855
30740
16901
19013
26943
26448
5518
9522
11297
9971
13323
20167
18554
3550
13738
26637
24192
29054
14322
32508
20639
17825
20043
19692
22556
28296
23489
14668
19704
31037
14853
29846
9495
11815
20916
16258
28321
12763
2012
12923
18857
10293
9405
6479
9484
3496
6092
14122
17052
15058
15614
1733
18046
18003
1858
19163
21969
14560
13391
733
2192
18323
28065
6118
12986
2181
31422
22001
18608
21919
26814
1354
25310
20909
19210
14402
9373
17332
31076
8487
2648
15494
28456
1139
25326
14995
12241
6980
30808
16386
21694
31244
11148
3841
10295
20362
1953
89
29099
4089
4147
10309
22331
24711
20233
15748
30845
22280
25845
30381
9849
25068
8700
20931
23800
27758
26807
31241
24831
4879
24825
16407
10390
31811
15795
22574
28621
10602
6676
21193
7937
21505
12788
884
26204
11034
31090
18913
12955
1289
22492
28985
24340
22881
2512
6576
18679
5919
28321
24668
10196
11044
17660
14663
20317
19177
6860
12227
15982
22382
29786
253
8010
27763
28345
17621
7464
28651
24929
6381
13038
13742
17178
512
22332
2926
22044
30582
10668
16620
24436
19765
1368
107
28073
28601
7325
2917
29344
9831
543
12158
13501
20510
17165
1974
23371
19984
30375
24034
6686
4304
26365
16477
16502
31659
14073
8187
12071
4668
10655
2622
31223
9275
28308
21453
14408
27542
6109
18209
18679
20675
7402
11138
3459
18772
3795
14386
24690
1228
25057
18408
19184
23473
28752
24703
15802
13538
6739
25328
20794
21803
10073
30590
20723
19735
19599
2608
5664
30981
31910
27524
30104
18302
25814
26978
17653
14790
15139
29775
15093
21169
16863
9443
12065
26552
9328
13693
31916
2124
4435
17461
3229
28523
13665
28946
19249
13168
31825
11390
3194
10287
14975
18934
9293
10049
9195
11014
13659
12957
13445
5749
31646
9576
28072
4029
5623
26383
3300
17085
4885
21650
8192
22450
17816
21539
6719
17252
9078
18159
20195
26525
13470
19772
29936
6111
21724
4276
6194
22102
19709
2304
7041
23820
1843
28313
12356
18268
25275
20443
26420
28585
27324
31836
15971
21840
29811
14971
20604
7898
26765
31548
2380
3191
15316
83
897
28328
23310
10366
29618
30011
3618
22040
17568
27260
5757
9196
18620
11946
3252
23623
9449
1960
16747
26193
22658
6389
9589
7580
1695
6110
32061
18430
25748
4082
25444
7580
29115
19383
24235
5960
23668
13723
3860
30477
14441
17709
13892
16135
27159
19597
7980
2680
27530
14881
10472
32025
20071
8842
30951
15534
7984
9943
6221
10461
3524
2808
149
17728
32549
4213
23419
2489
27774
26976
31257
3334
13157
22408
18256
15765
15197
19439
14697
7321
5279
6782
1788
12125
29722
5624
8977
6872
12472
10285
17542
7555
9699
14960
31921
23399
8008
586
8517
12410
12762
1648
3450
32043
9754
28659
32360
8508
22422
31671
3764
6352
11696
8230
5487
28613
4513
15141
27707
32579
1470
23623
24752
10645
16889
32577
21758
2104
31146
19103
21459
16434
11920
9909
7039
28837
13586
16599
25686
28580
19915
20173
26197
18757
30790
9857
25097
13560
25350
32251
12461
29975
7370
26511
8083
21694
27407
24149
6853
14300
27093
30426
27371
29066
22694
2069
2671
21660
14549
24733
21984
12918
8452
23577
7060
15394
27112
27895
20114
31135
6225
28257
24750
19323
